6 0.407840 0.275014 0.051815 0.223620
0 0.420883 0.184804 0.021441 0.030494
4 0.393725 0.268026 0.008576 0.021600
4 0.428924 0.230227 0.007504 0.022235
2 0.412486 0.228956 0.031804 0.051458
0 0.609098 0.357156 0.022513 0.031129
4 0.593911 0.437202 0.012150 0.036211
2 0.629836 0.396017 0.056080 0.080464
6 0.622677 0.437202 0.073971 0.201385
0 0.711418 0.351879 0.020561 0.037091
4 0.690403 0.439553 0.009373 0.025802
4 0.737119 0.445735 0.010281 0.025265
2 0.712929 0.407837 0.034470 0.091383
6 0.713988 0.441703 0.061381 0.233296
0 0.673062 0.456400 0.021035 0.030597
2 0.689949 0.515186 0.023585 0.096221
6 0.677552 0.553083 0.048984 0.230070
0 0.510432 0.442133 0.020259 0.034403
2 0.509222 0.487018 0.039611 0.072569
6 0.515028 0.501640 0.061986 0.162877
0 0.577921 0.471537 0.020259 0.039241
4 0.611786 0.572596 0.012397 0.020964
4 0.563407 0.541956 0.010583 0.013439
2 0.582608 0.525292 0.036284 0.099446
6 0.587899 0.531473 0.063800 0.169865
0 0.494104 0.530977 0.023992 0.026025
4 0.521348 0.570375 0.011792 0.022410
2 0.485971 0.601822 0.028871 0.093978
6 0.497804 0.628569 0.062297 0.228439
0 0.533751 0.621340 0.024398 0.034700
2 0.512606 0.675558 0.034157 0.095424
6 0.520738 0.710620 0.056929 0.223379
0 0.516672 0.716403 0.019519 0.028193
2 0.486988 0.763392 0.051236 0.081689
4 0.528465 0.762308 0.009759 0.014458
6 0.494104 0.800983 0.074414 0.208921
0 0.376789 0.575436 0.026025 0.033977
2 0.376179 0.641943 0.034564 0.086026
6 0.378822 0.652787 0.047983 0.198800
